INDEX OF PROPER NAMES· 265

8111111111 29.4,203 45. 223 (29.

Bssfifinu„ 11. 12.

fflwwffiu

0111111111 771111) 35, 2,183 (Ve-
01νὲἔιιιῖωέ8. ⁷139100. 1 „358 11111.
15, 16, 38, 41, 591 1611111111.

011111111418

011111111.11157,11 I9331 (29
619161164385114, ⁷>7 50m51.⁷ ω

011111111111111111. 22, 453 11
1311111111.

0111111111 66, 66.

01111111 1423 53. 3, 9632 1111,
7,38,6ο111,1.1111111.

0111111111ἑὲ,1117,7.5.86

0111191111

01111114117 ⁵68. 653 (37.)2.

&81011'1115162163131117‘1223 8.1,12,
19111,15,11,1113,1714.
1617ΗΜ14
5¹¹352145352

66·ἕ7.135172·1ῑ765179·2

01311111211111111 (65. 5, 103 68,
1,911,9111,1111, 111.)111111,9,
11,19,31,

cecropia: 64. 79,83, 172.

celtiber: 3. 17.

Celtiberia: (n n.) 37. 18, (adj.9.)3

0111611 63. 36.

011117 bs: 66. 48.

0111711111 64156

1011111116731,

0111111164. 4179

01111111111.47111.Τ11111111.

0111111 64, 35.

01111111 11, 311 95. 11 11311
11111. 31, 63.

011111113613,

Colchi: 64 5

0111111117.1,.7

01171 Berenice· (astrum): 66.

017111111111 11811 11111. 25.

Comum: 354.

0111111 66. 7.

Cornelius: (Nepos) 1. 33 1111111,
ffiffmeffimW5

0111111111138111111415661.

0111111111 64.3 6.

011115811.

0111116481,174111,01117111111,
maffia: 115. 3.

cupido: 3.13 13.123 36. 33 68.

07ἑ11313111 63. 12, 68, 763 Cybelle
,11111111 8888?

0711111111 4.
0711111111Η119

07111111 7. 4.

0711111111 411.

07111111113.

Dardanius: 64. 367.

Daulias: 65. 14.

0111111317.

Delphi: 64 391

1111166151, 121.

mmm η161111·
Τ11111, Luna.
01117111111163.13.
1)1111711111113,514 63. 91.
Βξῐῃῐξοὴὲιόιιιῗι 36. 15.

Egnatius: 37. 193 39.1,91 11111.

171115111111111 64 324.
Endymion: (66. 5).
1111111 11. 3.
Erechtheus: 64. 229.
Erechtheus: 64. 211.
Erycina: 64. 723 111711111Α11
11111111.
0111111111 3911.
11111111111164193.
Europa: 68. 89.
011111116489.

Fabullus: 12. 15171 13,1,141
2833 47. 33 11111. 681.
1111111111 27.1.

Fauonius: 26.2; 64. 282.

 

